id,displayName,good,bad,total_plays,Plus/Minus,ratio,Valoration
2543681,Kyle Fuller,95,48,143,47,0.6643356643356644,2.186555497655029
2552385,Adrian Amos,94,48,142,46,0.6619718309859155,2.186555497655029
2560851,Justin Reid,75,60,135,15,0.5555555555555556,1.0
2540180,Tyrann Mathieu,77,56,133,21,0.5789473684210527,1.0
496735,Kareem Jackson,76,57,133,19,0.5714285714285714,1.0
2495108,Prince Amukamara,87,43,130,44,0.6692307692307692,1.186555497655029
2532875,Janoris Jenkins,75,54,129,21,0.5813953488372093,-1.1747009786154405
2555280,Jalen Ramsey,77,50,127,27,0.6062992125984252,1.1318666486705367
2495775,Eric Weddle,81,45,126,36,0.6428571428571429,-1.0881135422826729
2558176,Eddie Jackson,83,43,126,40,0.6587301587301587,2.186555497655029
2539338,B.W. Webb,73,52,125,21,0.584,-1.1747009786154405
2532861,Casey Hayward,79,45,124,34,0.6370967741935484,1.0
2560970,Jessie Bates,60,63,123,-3,0.4878048780487805,1.473684210526316
2555158,Kevin Byard,74,49,123,25,0.6016260162601627,1.1510735343197243
496733,Joe Haden,83,40,123,43,0.6747967479674797,-0.6276150627615058
2555386,Sean Davis,83,40,123,43,0.6747967479674797,-0.6276150627615058
2541958,Jahleel Addae,79,44,123,35,0.6422764227642277,1.0
2560712,Terrell Edmunds,85,38,123,47,0.6910569105691057,-0.6276150627615058
2532920,Josh Norman,70,53,123,17,0.5691056910569106,1.8105871844295054
2533062,Stephon Gilmore,74,47,121,27,0.6115702479338843,-1.0526315789473681
2552568,Byron Jones,67,54,121,13,0.5537190082644629,-0.22580645161290347
4365,Brandon Carr,77,44,121,33,0.6363636363636364,-0.08811354228267287
2532848,Tashaun Gipson,73,47,120,26,0.6083333333333333,0.13186664867053666
2550842,Adrian Phillips,77,43,120,34,0.6416666666666667,1.0
2543811,Pierre Desir,69,51,120,18,0.575,0.38709677419354827
2555550,Justin Simmons,67,52,119,15,0.5630252100840336,2.372384937238494
2552389,Damarious Randall,78,41,119,37,0.6554621848739496,2.0
2541832,Jeff Heath,66,51,117,15,0.5641025641025641,-0.22580645161290347
2556367,William Jackson,59,58,117,1,0.5042735042735043,1.473684210526316
2550613,Malcolm Butler,71,46,117,25,0.6068376068376068,1.1510735343197243
2543470,Ha Ha Clinton-Dix,63,54,117,9,0.5384615384615384,-0.9147437756327927
2555175,James Bradberry,73,43,116,30,0.6293103448275862,0.0
2558136,Fabian Moreau,67,48,115,19,0.5826086956521739,0.8105871844295054
2553822,Curtis Riley,67,48,115,19,0.5826086956521739,-1.1747009786154405
2557927,Desmond King,73,42,115,31,0.6347826086956522,1.0
494287,Devin McCourty,69,46,115,23,0.6,-1.0526315789473681
2558065,Adoree' Jackson,67,48,115,19,0.5826086956521739,1.1510735343197243
2506789,Tramon Williams,71,44,115,27,0.6173913043478261,-2.574257425742574
2540164,Tony Jefferson,72,43,115,29,0.6260869565217392,0.4382022471910112
2543505,Bradley Roby,67,47,114,20,0.5877192982456141,2.372384937238494
2557979,Jamal Adams,70,44,114,26,0.6140350877192983,1.3723849372384942
2558060,Malik Hooker,67,46,113,21,0.5929203539823009,0.38709677419354827
79848,Malcolm Jenkins,72,41,113,31,0.6371681415929203,-0.6276150627615058
2560725,Minkah Fitzpatrick,66,47,113,19,0.584070796460177,0.47368421052631593
2533059,Morris Claiborne,71,42,113,29,0.6283185840707964,-0.6276150627615058
2552265,Steven Nelson,68,44,112,24,0.6071428571428571,-0.287128712871287
2555277,Eli Apple,70,42,112,28,0.625,1.8105871844295054
2557867,Tre'Davious White,76,36,112,40,0.6785714285714286,0.3723849372384942
2550164,T.J. Carrie,74,37,111,37,0.6666666666666666,2.0
2495872,Johnathan Joseph,60,51,111,9,0.5405405405405406,1.0
2560877,Roquan Smith,74,36,110,38,0.6727272727272727,1.186555497655029
2539943,D.J. Swearinger,64,46,110,18,0.5818181818181818,1.8105871844295054
2495504,Patrick Peterson,70,39,109,31,0.6422018348623854,-0.9000319386777387
2558067,Marlon Humphrey,73,36,109,37,0.6697247706422018,-0.5263157894736841
2558847,Marcus Williams,62,46,108,16,0.5740740740740741,1.3723849372384942
2555531,Anthony Brown,61,47,108,14,0.5648148148148148,0.38709677419354827
2543711,Telvin Smith,63,44,107,19,0.5887850467289719,0.7594817114320425
2539290,Jordan Poyer,71,36,107,35,0.6635514018691588,0.3723849372384942
2558183,John Johnson,66,41,107,25,0.616822429906542,2.0
2505708,Mike Adams,68,38,106,30,0.6415094339622641,0.0
2560753,Donte Jackson,68,38,106,30,0.6415094339622641,0.0
2558159,Xavier Woods,57,48,105,9,0.5428571428571428,-0.22580645161290347
2553500,Bryce Callahan,69,36,105,33,0.6571428571428571,1.186555497655029
2555349,Kendall Fuller,66,38,104,28,0.6346153846153846,-0.287128712871287
2558976,Kenny Moore II,60,44,104,16,0.5769230769230769,0.38709677419354827
89756,Jason McCourty,62,41,103,21,0.6019417475728155,-1.0526315789473681
2558061,Marshon Lattimore,60,43,103,17,0.5825242718446602,1.3723849372384942
2560789,Darius Leonard,64,39,103,25,0.6213592233009708,0.38709677419354827
2556559,Mike Hilton,73,30,103,43,0.7087378640776699,-1.0
2555329,Myles Jack,62,40,102,22,0.6078431372549019,0.7594817114320425
2552488,Marcus Peters,65,37,102,28,0.6372549019607843,1.0
2495153,Marcus Gilchrist,57,45,102,12,0.5588235294117647,0.8460691477648101
2540162,Logan Ryan,60,42,102,18,0.5882352941176471,1.1510735343197243
494307,Darian Stewart,55,47,102,8,0.5392156862745098,2.372384937238494
2541162,A.J. Bouye,65,37,102,28,0.6372549019607843,1.1318666486705367
2543492,Lamarcus Joyner,61,41,102,20,0.5980392156862745,2.0
2557840,Chidobe Awuzie,55,46,101,9,0.5445544554455446,-0.22580645161290347
2495807,Antoine Bethea,63,38,101,25,0.6237623762376238,-0.9000319386777387
2539309,T.J. McDonald,60,41,101,19,0.594059405940594,0.8460691477648101
2530794,Ron Parker,65,36,101,29,0.6435643564356436,-0.287128712871287
2539334,Desmond Trufant,57,44,101,13,0.5643564356435643,-4.900031938677739
2560917,Fred Warner,59,41,100,18,0.59,-1.9000319386777387
80668,Captain Munnerlyn,63,36,99,27,0.6363636363636364,0.0
2532961,Danny Trevathan,68,31,99,37,0.6868686868686869,2.473684210526316
2539233,Shawn Williams,52,47,99,5,0.5252525252525253,1.0
2532946,Coty Sensabaugh,68,30,98,38,0.6938775510204082,-0.6276150627615058
2555530,Vonn Bell,58,40,98,18,0.5918367346938775,2.372384937238494
2307,Orlando Scandrick,62,35,97,27,0.6391752577319587,-0.287128712871287
2540197,Nickell Robey-Coleman,61,36,97,25,0.6288659793814433,2.0
2541243,Duron Harmon,61,35,96,26,0.6354166666666666,-2.0
2555378,Tavon Young,60,36,96,24,0.625,-0.08811354228267287
2552262,Quandre Diggs,54,42,96,12,0.5625,-0.6129032258064517
2495507,Richard Sherman,56,39,95,17,0.5894736842105263,-1.9000319386777387
71251,Patrick Chung,60,34,94,26,0.6382978723404256,-1.526315789473684
2558184,Damontae Kazee,51,43,94,8,0.5425531914893617,-3.900031938677739
2552484,P.J. Williams,56,38,94,18,0.5957446808510638,1.3723849372384942
2560760,Derwin James,61,33,94,28,0.648936170212766,1.0
2533060,Dre Kirkpatrick,41,52,93,-11,0.4408602150537634,1.473684210526316
2539935,Kiko Alonso,57,36,93,21,0.6129032258064516,0.8460691477648101
2540288,Darius Slay,52,40,92,12,0.5652173913043478,-0.6129032258064517
2539240,Micah Hyde,65,27,92,38,0.7065217391304348,0.3723849372384942
2543830,Tre Boston,59,33,92,26,0.6413043478260869,-0.9000319386777387
2552434,Bobby McCain,55,37,92,18,0.5978260869565217,0.47368421052631593
2495613,Corey Graham,57,34,91,23,0.6263736263736264,0.3723849372384942
2533056,Luke Kuechly,56,35,91,21,0.6153846153846154,0.0
2556445,Brian Poole,49,42,91,7,0.5384615384615384,-4.900031938677739
2560916,Denzel Ward,57,34,91,23,0.6263736263736264,0.0
2556278,Will Parks,55,36,91,19,0.6043956043956044,2.372384937238494
2556277,Marqui Christian,57,32,89,25,0.6404494382022472,2.0
2539653,Robert Alford,47,42,89,5,0.5280898876404494,-5.900031938677739
2495281,Mason Foster,56,33,89,23,0.6292134831460674,1.8105871844295054
2560755,Josh Jackson,54,35,89,19,0.6067415730337079,-2.287128712871287
2552454,Landon Collins,50,38,88,12,0.5681818181818182,-0.17470097861544054
2543474,Darqueze Dennard,47,41,88,6,0.5340909090909091,1.0
2555539,Xavien Howard,55,33,88,22,0.625,0.8460691477648101
2555161,Blake Martinez,51,36,87,15,0.5862068965517241,-2.287128712871287
2557961,Quincy Wilson,50,36,86,14,0.5813953488372093,1.0
496739,Reshad Jones,51,35,86,16,0.5930232558139535,0.3723849372384942
2553353,Darryl Roberts,57,28,85,29,0.6705882352941176,1.3723849372384942
2558094,Zach Cunningham,45,40,85,5,0.5294117647058824,1.0
2560713,Tremaine Edmunds,59,26,85,33,0.6941176470588235,0.3723849372384942
2558005,Jayon Brown,47,38,85,9,0.5529411764705883,1.1510735343197243
2560728,Tre Flowers,50,34,84,16,0.5952380952380952,0.3723849372384942
2560952,Jaire Alexander,47,37,84,10,0.5595238095238095,-2.287128712871287
2558259,Shaquill Griffin,48,36,84,12,0.5714285714285714,0.3723849372384942
2532986,Tahir Whitehead,45,38,83,7,0.5421686746987951,0.3723849372384942
2556593,Cory Littleton,53,30,83,23,0.6385542168674698,2.0
2506861,Brent Grimes,49,34,83,15,0.5903614457831325,0.0
2539320,Kenny Vaccaro,49,34,83,15,0.5903614457831325,1.0
2495343,Buster Skrine,55,28,83,27,0.6626506024096386,2.0
2543872,Nevin Lawson,44,38,82,6,0.5365853658536586,0.0
2540152,Eric Reid,49,33,82,16,0.5975609756097561,0.0
2508107,Jimmy Smith,51,31,82,20,0.6219512195121951,-1.5617977528089888
2495251,Shareece Wright,45,37,82,8,0.5487804878048781,0.0
71441,Glover Quin,45,36,81,9,0.5555555555555556,-0.6129032258064517
2550654,K'Waun Williams,47,34,81,13,0.5802469135802469,-1.6129032258064517
2555177,Mackensie Alexander,61,20,81,41,0.7530864197530864,-0.287128712871287
2556148,Jatavis Brown,54,27,81,27,0.6666666666666666,1.0
496727,Morgan Burnett,59,21,80,38,0.7375,0.0
2555310,Jaylon Smith,46,34,80,12,0.575,-0.22580645161290347
2559164,Michael Davis,60,20,80,40,0.75,0.0
2532948,Harrison Smith,63,17,80,46,0.7875,-0.287128712871287
2553637,Justin Coleman,47,32,79,15,0.5949367088607594,0.3723849372384942
2530510,Chris Harris,45,34,79,11,0.569620253164557,0.0
2558009,Budda Baker,50,29,79,21,0.6329113924050633,-0.6129032258064517
2543597,Avery Williamson,45,34,79,11,0.569620253164557,-1.0
2555322,Darron Lee,50,29,79,21,0.6329113924050633,0.0
2556475,Briean Boddy-Calhoun,52,27,79,25,0.6582278481012658,2.0
2556571,Jonathan Jones,47,31,78,16,0.6025641025641025,-1.0
2552386,Clayton Geathers,46,32,78,14,0.5897435897435898,1.0
2560966,Jerome Baker,42,35,77,7,0.5454545454545454,0.47368421052631593
2552490,Benardrick McKinney,47,30,77,17,0.6103896103896104,1.0
2539237,D.J. Hayden,50,27,77,23,0.6493506493506493,0.7447698744769884
2558157,Ahkello Witherspoon,48,28,76,20,0.631578947368421,-0.6129032258064517
2354,Wesley Woodyard,45,31,76,14,0.5921052631578947,1.4382022471910112
2539243,Bradley McDougald,46,30,76,16,0.6052631578947368,0.3723849372384942
2552448,Trae Waynes,55,20,75,35,0.7333333333333333,0.0852562243672072
2541200,Rashaan Melvin,40,35,75,5,0.5333333333333333,0.3723849372384942
2555173,Eric Murray,49,26,75,23,0.6533333333333333,-0.287128712871287
2532877,Trumaine Johnson,46,28,74,18,0.6216216216216216,2.0
2540155,Xavier Rhodes,53,21,74,32,0.7162162162162162,0.0852562243672072
2532800,Nigel Bradham,45,29,74,16,0.6081081081081081,-0.6276150627615058
2508004,Anthony Levine,45,28,73,17,0.6164383561643836,-1.5617977528089888
2539311,Jamie Collins,45,28,73,17,0.6164383561643836,2.0
2556480,Kentrell Brice,50,23,73,27,0.684931506849315,-2.574257425742574
2532828,Lavonte David,46,26,72,20,0.6388888888888888,0.0
2558168,Rasul Douglas,44,28,72,16,0.6111111111111112,0.0
2560930,Jordan Whitehead,43,28,71,15,0.6056338028169014,0.0
2557980,Jabrill Peppers,48,23,71,25,0.676056338028169,0.0
2533008,Demario Davis,39,31,70,8,0.5571428571428572,0.0
2535687,Michael Thomas,44,26,70,18,0.6285714285714286,-2.0
2560908,Leighton Vander Esch,34,36,70,-2,0.4857142857142857,-0.22580645161290347
2555255,De'Vondre Campbell,41,29,70,12,0.5857142857142857,-5.287128712871287
2532966,Bobby Wagner,40,29,69,11,0.5797101449275363,0.3723849372384942
494259,Barry Church,43,26,69,17,0.6231884057971014,-0.6129032258064517
2543464,C.J. Mosley,43,26,69,17,0.6231884057971014,-1.0881135422826729
2561039,Carlton Davis,47,22,69,25,0.6811594202898551,0.0
2558062,Gareon Conley,38,30,68,8,0.5588235294117647,0.8460691477648101
2543680,Antone Exum,38,30,68,8,0.5588235294117647,-1.287128712871287
2507917,Tramaine Brock,40,27,67,13,0.5970149253731343,1.3723849372384942
2557881,Tedric Thompson,39,28,67,11,0.582089552238806,0.3723849372384942
2560795,Avonte Maddox,40,25,65,15,0.6153846153846154,-1.0
2540143,Alec Ogletree,38,26,64,12,0.59375,1.0
2560766,Taron Johnson,40,24,64,16,0.625,0.3723849372384942
2552689,Ronald Darby,42,21,63,21,0.6666666666666666,-0.6276150627615058
2557887,Haason Reddick,42,21,63,21,0.6666666666666666,0.0
2543855,Bene' Benwikere,43,19,62,24,0.6935483870967742,0.0
2555166,Joe Schobert,44,18,62,26,0.7096774193548387,2.0
2555528,Nick Vigil,31,31,62,0,0.5,1.0
2560754,J.C. Jackson,40,22,62,18,0.6451612903225806,-1.0526315789473681
2557969,Matt Milano,44,18,62,26,0.7096774193548387,0.0
2553655,Anthony Harris,47,15,62,32,0.7580645161290323,0.3723849372384942
2560827,Dorian O'Daniel,32,30,62,2,0.5161290322580645,-0.287128712871287
2552315,Jordan Hicks,41,20,61,21,0.6721311475409836,-1.0
2543637,Terrance Mitchell,40,20,60,20,0.6666666666666666,2.0
2558163,Alex Anzalone,40,19,59,21,0.6779661016949152,2.0
2556456,Andrew Adams,34,25,59,9,0.576271186440678,0.0
2507167,Reggie Nelson,36,23,59,13,0.6101694915254238,0.3723849372384942
2560913,Tracy Walker,38,21,59,17,0.6440677966101694,-0.6129032258064517
2556443,Sharrod Neasman,34,25,59,9,0.576271186440678,-0.287128712871287
2560886,Greg Stroman,35,24,59,11,0.5932203389830508,1.3723849372384942
2556587,Cre'von LeBlanc,34,23,57,11,0.5964912280701754,0.0
2557945,Justin Evans,36,21,57,15,0.631578947368421,0.0
2558133,Montae Nicholson,36,21,57,15,0.631578947368421,0.4382022471910112
2543699,Kyle Van Noy,31,25,56,6,0.5535714285714286,-1.526315789473684
2535609,DeShawn Shead,31,25,56,6,0.5535714285714286,0.0
2552312,Eric Kendricks,42,14,56,28,0.75,0.0852562243672072
2557958,Sidney Jones,39,16,55,23,0.7090909090909091,0.3723849372384942
2559053,Torry McTyer,27,28,55,-1,0.4909090909090909,0.8460691477648101
2557855,Jarrad Davis,33,22,55,11,0.6,0.0
2543874,Andre Hal,30,25,55,5,0.5454545454545454,0.0
1302,Aqib Talib,34,20,54,14,0.6296296296296297,0.0
2543501,Aaron Colvin,26,27,53,-1,0.490566037735849,0.0
2506352,Thomas Davis,33,20,53,13,0.6226415094339622,0.0
1037374,Sam Shields,32,20,52,12,0.6153846153846154,2.0
2495617,Leon Hall,28,24,52,4,0.5384615384615384,0.47368421052631593
2559054,Nicholas Morrow,33,19,52,14,0.6346153846153846,0.3723849372384942
2555383,Jalen Mills,35,17,52,18,0.6730769230769231,-0.6276150627615058
2530491,Josh Bynes,34,18,52,16,0.6538461538461539,-0.9000319386777387
2559260,Tre Sullivan,33,19,52,14,0.6346153846153846,0.0
2558108,Nate Hairston,33,19,52,14,0.6346153846153846,-0.6129032258064517
2560946,Isaac Yiadom,32,20,52,12,0.6153846153846154,2.372384937238494
2535613,L.J. Fort,38,14,52,24,0.7307692307692307,0.0
2556934,Javien Elliott,32,20,52,12,0.6153846153846154,0.0
2561001,Grant Haley,30,22,52,8,0.5769230769230769,-2.0
2557880,Josh Harvey-Clemons,34,18,52,16,0.6538461538461539,0.3723849372384942
2555568,Erik Harris,27,24,51,3,0.5294117647058824,0.0
2556735,Ken Crawley,30,21,51,9,0.5882352941176471,1.0
238227,Mike Mitchell,27,24,51,3,0.5294117647058824,-0.6129032258064517
2543741,Jimmie Ward,33,18,51,15,0.6470588235294118,-1.6129032258064517
2560850,D.J. Reed,29,22,51,7,0.5686274509803921,-0.287128712871287
2555394,Daryl Worley,25,26,51,-1,0.4901960784313725,0.47368421052631593
2543592,Anthony Hitchens,29,21,50,8,0.58,0.0
2561527,Mike Ford,29,20,49,9,0.5918367346938775,0.0
2553796,Quinton Dunbar,28,20,48,8,0.5833333333333334,0.4382022471910112
2507817,Rafael Bush,32,15,47,17,0.6808510638297872,0.0
2543851,Phillip Gaines,33,14,47,19,0.7021276595744681,0.0
2558121,Elijah Lee,23,24,47,-1,0.4893617021276595,-1.9000319386777387
2558849,Cameron Sutton,29,18,47,11,0.6170212765957447,0.3723849372384942
2556828,Trevor Williams,22,25,47,-3,0.4680851063829787,1.0
2543459,Anthony Barr,39,7,46,32,0.8478260869565217,-0.287128712871287
2550257,Daniel Sorensen,22,24,46,-2,0.4782608695652174,0.0
494289,Sherrick McManis,36,8,44,28,0.8181818181818182,1.0
2533049,Whitney Mercilus,25,18,43,7,0.5813953488372093,1.0
2550930,Todd Davis,23,20,43,3,0.5348837209302325,0.0
2560914,Levi Wallace,34,8,42,26,0.8095238095238095,0.3723849372384942
2555540,Derrick Kindred,24,18,42,6,0.5714285714285714,1.0
2556567,Isaiah Johnson,32,9,41,23,0.7804878048780488,0.0
2555552,Ryan Smith,23,18,41,5,0.5609756097560976,0.0
2552391,Jaquiski Tartt,23,18,41,5,0.5609756097560976,0.0
2560830,Isaiah Oliver,21,20,41,1,0.5121951219512195,-0.6129032258064517
2560819,Nick Nelson,24,17,41,7,0.5853658536585366,0.0
2532898,Brandon Marshall,24,17,41,7,0.5853658536585366,2.372384937238494
2558119,Josh Jones,22,19,41,3,0.5365853658536586,0.0
2557995,Marcus Maye,24,17,41,7,0.5853658536585366,1.0
2558077,Lano Hill,24,16,40,8,0.6,0.0
2557920,Jourdan Lewis,29,11,40,18,0.725,-0.6129032258064517
494277,Kendrick Lewis,22,17,39,5,0.5641025641025641,0.1510735343197242
2557955,Teez Tabor,22,17,39,5,0.5641025641025641,-0.6129032258064517
2539932,Jamar Taylor,22,17,39,5,0.5641025641025641,-0.9000319386777387
2540221,Vince Williams,25,13,38,12,0.6578947368421053,0.0
2560884,M.J. Stewart,22,16,38,6,0.5789473684210527,0.0
2558801,Jordan Evans,17,21,38,-4,0.4473684210526316,0.0
2555162,Deion Jones,22,16,38,6,0.5789473684210527,-2.287128712871287
2543720,Christian Kirksey,26,11,37,15,0.7027027027027027,0.0
2561006,Marcell Harris,21,16,37,5,0.5675675675675675,-0.287128712871287
2555342,Karl Joseph,17,19,36,-2,0.4722222222222222,0.0
2557996,Kevin King,23,13,36,10,0.6388888888888888,-2.574257425742574
2532804,Zach Brown,17,19,36,-2,0.4722222222222222,0.4382022471910112
2560982,Tony Brown,21,14,35,7,0.6,0.0
2555505,Matt Judon,24,11,35,13,0.6857142857142857,0.0
2555344,Artie Burns,20,14,34,6,0.5882352941176471,0.3723849372384942
2561318,Tae Davis,13,21,34,-8,0.3823529411764705,-1.0
2555340,Kyler Fackrell,21,13,34,8,0.6176470588235294,0.0
2506353,Derrick Johnson,19,14,33,5,0.5757575757575758,0.0
2539982,A.J. Klein,18,15,33,3,0.5454545454545454,-0.6276150627615058
2552447,Shaq Thompson,18,15,33,3,0.5454545454545454,0.0
2556711,Jarrod Wilson,19,13,32,6,0.59375,1.0
2558857,Adrian Colbert,19,13,32,6,0.59375,-1.0
2557837,Reuben Foster,21,11,32,10,0.65625,0.0
2558851,Anthony Walker,16,16,32,0,0.5,0.0
2556429,Matthias Farley,23,9,32,14,0.71875,0.0
2560741,Holton Hill,27,4,31,23,0.8709677419354839,0.0
2561008,Ronnie Harrison,17,14,31,3,0.5483870967741935,0.13186664867053666
2558982,Hardy Nickerson,16,15,31,1,0.5161290322580645,0.0
2560964,Genard Avery,21,9,30,12,0.7,0.0
2560822,Parry Nickerson,18,12,30,6,0.6,-0.6276150627615058
2506268,Lorenzo Alexander,21,9,30,12,0.7,0.0
2561017,Sean Chandler,18,12,30,6,0.6,0.0
2561131,George Odum,16,13,29,3,0.5517241379310345,0.0
2540170,David Amerson,20,9,29,11,0.6896551724137931,0.0
2550659,Tyler Patmon,16,13,29,3,0.5517241379310345,0.0
2559012,Eric Wilson,22,7,29,15,0.7586206896551724,0.0
80431,Clay Matthews,17,11,28,6,0.6071428571428571,0.0
2543571,Bashaud Breeland,20,8,28,12,0.7142857142857143,0.0
2558182,Rayshawn Jenkins,16,12,28,4,0.5714285714285714,0.0
2540140,Barkevious Mingo,13,15,28,-2,0.4642857142857143,0.3723849372384942
2541792,Ray-Ray Armstrong,19,9,28,10,0.6785714285714286,0.38709677419354827
2560718,Rashaan Evans,16,12,28,4,0.5714285714285714,1.0
2555551,LeShaun Sims,17,11,28,6,0.6071428571428571,0.0
2552592,Kwon Alexander,19,9,28,10,0.6785714285714286,0.0
2560839,Darius Phillips,14,14,28,0,0.5,0.0
2534830,Tavon Wilson,16,12,28,4,0.5714285714285714,-0.6129032258064517
2558070,Raekwon McMillan,15,13,28,2,0.5357142857142857,0.0
2561117,Tarvarius Moore,13,15,28,-2,0.4642857142857143,-0.287128712871287
2505660,Terrell Suggs,19,8,27,11,0.7037037037037037,1.0
2558853,Mike Tyson,18,9,27,9,0.6666666666666666,1.0
2533057,Dont'a Hightower,14,13,27,1,0.5185185185185185,0.0
2556617,Doug Middleton,18,8,26,10,0.6923076923076923,1.3723849372384942
71423,Brian Orakpo,17,9,26,8,0.6538461538461539,0.0
2540219,J.J. Wilcox,20,6,26,14,0.7692307692307693,-0.6129032258064517
2555542,Jordan Lucas,18,7,25,11,0.72,-0.287128712871287
2558248,Chuck Clark,17,8,25,9,0.68,-1.0
494261,Kurt Coleman,16,8,24,8,0.6666666666666666,0.0
2525323,Andrew Sendejo,16,8,24,8,0.6666666666666666,-0.287128712871287
2555285,Leonard Floyd,15,9,24,6,0.625,0.0
2543850,Ricardo Allen,15,8,23,7,0.6521739130434783,-2.0
2543769,Deone Bucannon,12,11,23,1,0.5217391304347826,-0.6129032258064517
2539293,Gerald Hodges,17,6,23,11,0.7391304347826086,0.0
2560775,Rashaan Gaulden,15,8,23,7,0.6521739130434783,0.0
2555155,Deon Bush,16,7,23,9,0.6956521739130435,0.0
2560901,Kevin Toliver,14,9,23,5,0.6086956521739131,1.0
2552697,Jermaine Whitehead,14,8,22,6,0.6363636363636364,-1.287128712871287
2559208,Ryan Lewis,10,12,22,-2,0.4545454545454545,0.0
2553456,Akeem King,12,9,21,3,0.5714285714285714,0.0
2534832,Rodney McLeod,16,5,21,11,0.7619047619047619,0.0
2543814,Preston Brown,8,13,21,-5,0.3809523809523809,0.47368421052631593
2555536,Kavon Frazier,13,8,21,5,0.6190476190476191,0.0
2555345,Su'a Cravens,10,11,21,-1,0.4761904761904761,0.0
2555355,Clayton Fejedelem,9,11,20,-2,0.45,0.47368421052631593
2557967,Duke Riley,13,7,20,6,0.65,0.0
2533058,Vontaze Burfict,8,12,20,-4,0.4,0.47368421052631593
2553790,DeVante Bausby,9,11,20,-2,0.45,0.0
2495202,Von Miller,11,9,20,2,0.55,0.0
2555547,KeiVarae Russell,13,6,19,7,0.6842105263157895,0.0
2506345,Adam Jones,12,7,19,5,0.631578947368421,1.0
2552259,Josh Shaw,8,11,19,-3,0.4210526315789473,0.0
2543823,E.J. Gaines,14,5,19,9,0.7368421052631579,0.0
2559087,Arthur Maulet,12,7,19,5,0.631578947368421,1.0
2561366,Frankie Luvu,14,5,19,9,0.7368421052631579,0.0
2552392,Jordan Richards,12,7,19,5,0.631578947368421,-2.0
2508084,Patrick Robinson,10,9,19,1,0.5263157894736842,1.0
2556775,Terrance Smith,13,5,18,8,0.7222222222222222,0.0
2552605,Ibraheim Campbell,6,12,18,-6,0.3333333333333333,0.0
2553536,Troy Hill,9,9,18,0,0.5,1.0
2561132,Foye Oluokun,10,8,18,2,0.5555555555555556,1.0
2499278,Malcolm Smith,11,7,18,4,0.6111111111111112,0.0
2559293,Dymonte Thomas,12,6,18,6,0.6666666666666666,0.0
2560759,Natrell Jamerson,11,7,18,4,0.6111111111111112,0.0
2550565,Adarius Taylor,9,8,17,1,0.5294117647058824,0.0
2556512,Donte' Deayon,10,7,17,3,0.5882352941176471,-0.6129032258064517
2561015,Lorenzo Carter,12,5,17,7,0.7058823529411765,0.0
2550572,Christian Jones,8,9,17,-1,0.4705882352941176,0.0
2561340,Tre Herndon,9,8,17,1,0.5294117647058824,0.0
2558786,Brandon Wilson,12,5,17,7,0.7058823529411765,0.0
2508080,Earl Thomas,9,8,17,1,0.5294117647058824,0.0
2555522,B.J. Goodson,5,11,16,-6,0.3125,-0.5617977528089888
2558971,Greg Mabin,10,6,16,4,0.625,0.0
2560763,Josey Jewell,8,8,16,0,0.5,0.0
2560746,Mike Hughes,11,5,16,6,0.6875,0.0
2558064,T.J. Watt,8,8,16,0,0.5,0.3723849372384942
496937,Sean Lee,8,8,16,0,0.5,0.0
2560921,Armani Watts,15,1,16,14,0.9375,0.0
2556642,Patrick Onwuasor,7,9,16,-2,0.4375,-1.0
2556537,Reggie Gilbert,12,3,15,9,0.8,0.0
2550262,Joe Thomas,10,5,15,5,0.6666666666666666,0.0
306,Dominique Rodgers-Cromartie,9,6,15,3,0.6,0.0
2559152,Dylan Cole,11,4,15,7,0.7333333333333333,0.0
2541539,Daren Bates,8,7,15,1,0.5333333333333333,-0.287128712871287
2559181,Justin Hardee,11,4,15,7,0.7333333333333333,0.0
2561417,Charvarius Ward,6,8,14,-2,0.4285714285714285,0.0
2543738,Kareem Martin,11,3,14,8,0.7857142857142857,-1.0
2560784,Harold Landry,9,5,14,4,0.6428571428571429,0.0
2543563,Kevin Pierre-Louis,7,6,13,1,0.5384615384615384,0.0
2552255,Eric Rowe,10,3,13,7,0.7692307692307693,0.0
2558821,Jamal Agnew,8,5,13,3,0.6153846153846154,0.0
2532869,George Iloka,12,1,13,11,0.9230769230769232,0.0
2543712,Terrence Brooks,8,4,12,4,0.6666666666666666,-1.0
2560947,Kenny Young,4,8,12,-4,0.3333333333333333,-1.0
2543608,Dexter McDougle,7,5,12,2,0.5833333333333334,-1.0
2556817,Tony McRae,5,7,12,-2,0.4166666666666667,0.0
2560764,Danny Johnson,5,7,12,-2,0.4166666666666667,0.0
2555288,Nick Kwiatkoski,5,7,12,-2,0.4166666666666667,0.0
2561147,Cornell Armstrong,8,4,12,4,0.6666666666666666,0.0
2553657,Neville Hewitt,7,5,12,2,0.5833333333333334,1.0
2555381,DeAndre Houston-Carson,6,5,11,1,0.5454545454545454,0.0
2561157,Keion Crossen,6,5,11,1,0.5454545454545454,0.0
2559109,Deante Burton,3,8,11,-5,0.2727272727272727,0.0
2543643,Nat Berhe,6,5,11,1,0.5454545454545454,0.0
2560714,Duke Ejiofor,7,4,11,3,0.6363636363636364,1.0
2555339,Kamalei Correa,8,3,11,5,0.7272727272727273,0.0
2556655,Tyvis Powell,6,4,10,2,0.6,-0.6129032258064517
2495272,Chris Conte,6,4,10,2,0.6,0.0
2495339,Da'Norris Searcy,8,2,10,6,0.8,0.0
2532878,Leonard Johnson,6,4,10,2,0.6,0.0
2560963,Anthony Averett,7,3,10,4,0.7,0.0
2552279,Za'Darius Smith,8,2,10,6,0.8,0.47368421052631593
2560984,Oren Burks,6,4,10,2,0.6,0.0
2552289,Bud Dupree,7,3,10,4,0.7,0.0
2561143,Ja'Whaun Bentley,9,1,10,8,0.9,0.0
2558289,Tanner Vallejo,4,6,10,-2,0.4,0.0
2550365,Kenny Ladler,4,5,9,-1,0.4444444444444444,0.0
2561155,Zaire Franklin,6,3,9,3,0.6666666666666666,0.0
2539219,Blidi Wreh-Wilson,2,7,9,-5,0.2222222222222222,-2.0
2561316,Jalen Davis,5,4,9,1,0.5555555555555556,0.0
2553710,Deshazor Everett,4,5,9,-1,0.4444444444444444,0.0
2552261,Kevin Johnson,6,3,9,3,0.6666666666666666,0.0
2555256,Jordan Jenkins,7,2,9,5,0.7777777777777778,0.3723849372384942
2555546,Rashard Robinson,7,2,9,5,0.7777777777777778,0.0
2532789,Mark Barron,5,4,9,1,0.5555555555555556,0.0
2541202,Marcus Cooper,4,5,9,-1,0.4444444444444444,-0.6129032258064517
2532928,Eddie Pleasant,7,2,9,5,0.7777777777777778,0.0
2543869,Devon Kennard,3,6,9,-3,0.3333333333333333,0.0
2555156,Jayron Kearse,6,3,9,3,0.6666666666666666,0.0
2495190,Ryan Kerrigan,4,4,8,0,0.5,0.0
2558174,Rudy Ford,4,4,8,0,0.5,0.0
2555169,Reggie Ragland,3,5,8,-2,0.375,0.0
2555160,Antonio Morrison,4,4,8,0,0.5,0.0
2558033,Ben Gedeon,7,1,8,6,0.875,0.0
2558171,Corn Elder,4,4,8,0,0.5,0.0
2539978,Jon Bostic,2,6,8,-4,0.25,0.0
2541192,Chris Banjo,5,3,8,2,0.625,0.0
2541696,Jordan Dangerfield,6,2,8,4,0.75,0.0
2559058,Maurice Smith,4,4,8,0,0.5,0.0
2507843,Vincent Rey,3,5,8,-2,0.375,0.47368421052631593
496723,Eric Berry,3,5,8,-2,0.375,0.0
2532431,Craig Robertson,5,3,8,2,0.625,0.0
2556833,De'Vante Harris,4,4,8,0,0.5,0.0
2534846,Neiko Thorpe,6,1,7,5,0.8571428571428571,0.0
2561207,Raven Greene,4,3,7,1,0.5714285714285714,0.0
2552276,Preston Smith,4,3,7,1,0.5714285714285714,0.0
2556119,Elandon Roberts,2,5,7,-3,0.2857142857142857,0.0
2533048,Nick Perry,4,3,7,1,0.5714285714285714,0.0
2556363,Kamu Grugier-Hill,3,4,7,-1,0.4285714285714285,0.0
2553562,Dean Marlowe,3,4,7,-1,0.4285714285714285,0.0
2558925,Austin Calitro,5,2,7,3,0.7142857142857143,0.0
2560881,Breeland Speaks,4,3,7,1,0.5714285714285714,-0.287128712871287
2558189,Obi Melifonwu,5,2,7,3,0.7142857142857143,0.0
2532890,Mychal Kendricks,5,2,7,3,0.7142857142857143,0.0
2557972,Marquel Lee,0,7,7,-7,0.0,0.0
2560887,Chandon Sullivan,2,5,7,-3,0.2857142857142857,0.0
2535867,Julian Stanford,3,4,7,-1,0.4285714285714285,0.0
2561093,Jermaine Carter,5,2,7,3,0.7142857142857143,0.0
2556652,Lafayette Pitts,6,1,7,5,0.8571428571428571,0.0
2560956,Marcus Allen,4,2,6,2,0.6666666666666666,-1.0
2558166,Tyus Bowser,5,1,6,4,0.8333333333333334,0.0
2557924,Jalen Reeves-Maybin,1,5,6,-4,0.1666666666666666,0.0
2558988,Lenzy Pipkins,5,1,6,4,0.8333333333333334,0.0
2552310,Denzel Perryman,2,4,6,-2,0.3333333333333333,0.0
2561107,Corey Thompson,5,1,6,4,0.8333333333333334,0.0
2560808,Quenton Meeks,1,5,6,-4,0.1666666666666666,0.0
2552427,Tony Lippett,4,2,6,2,0.6666666666666666,0.0
2553817,Corey Moore,5,1,6,4,0.8333333333333334,0.0
2539277,Manti Te'o,5,1,6,4,0.8333333333333334,1.0
2556673,Brennan Scarlett,5,1,6,4,0.8333333333333334,0.0
2550541,Shaquil Barrett,5,1,6,4,0.8333333333333334,0.0
2540287,Rontez Miles,4,1,5,3,0.8,0.0
2552266,Anthony Chickillo,4,1,5,3,0.8,0.0
2556489,James Burgess,3,2,5,1,0.6,0.0
2556371,Brandon Williams,4,1,5,3,0.8,0.0
2507644,Ramon Humber,2,3,5,-1,0.4,0.0
2539937,Shamarko Thomas,3,2,5,1,0.6,0.0
2561644,Adonis Alexander,3,2,5,1,0.6,1.0
2495136,Bruce Carter,3,2,5,1,0.6,0.0
496828,Derrick Morgan,3,2,5,1,0.6,0.0
2495252,K.J. Wright,3,2,5,1,0.6,0.0
2543724,Walt Aikens,3,2,5,1,0.6,0.0
2555543,Keanu Neal,4,1,5,3,0.8,0.0
2532871,Bruce Irvin,3,2,5,1,0.6,0.0
2556394,Chris Milton,3,2,5,1,0.6,0.0
2553719,Josh Keyes,2,3,5,-1,0.4,0.0
2550605,Marcus Williams,4,0,4,4,1.0,0.0
2495170,Davon House,4,0,4,4,1.0,0.0
71197,Connor Barwin,3,1,4,2,0.75,0.0
2558819,Derrick Jones,3,1,4,2,0.75,0.0
2557841,Tim Williams,4,0,4,4,1.0,0.0
2553441,David Mayo,2,2,4,0,0.5,0.0
2558830,Samson Ebukam,2,2,4,0,0.5,0.0
2555380,Cyrus Jones,3,1,4,2,0.75,0.0
2560750,Joel Iyiegbuniwe,2,2,4,0,0.5,0.0
2556374,Blake Countess,4,0,4,4,1.0,0.0
2552313,Hayes Pullard,3,1,4,2,0.75,0.0
2558274,Shalom Luani,1,2,3,-1,0.3333333333333333,0.0
2555299,Vernon Hargreaves III,2,1,3,1,0.6666666666666666,0.0
2499257,Colin Jones,2,1,3,1,0.6666666666666666,0.0
2560758,Leon Jacobs,3,0,3,3,1.0,0.0
2561033,Dane Cruikshank,3,0,3,3,1.0,0.0
2557931,Cordrea Tankersley,1,2,3,-1,0.3333333333333333,0.0
2560774,Peter Kalambayi,2,1,3,1,0.6666666666666666,0.0
2552320,Ramik Wilson,3,0,3,3,1.0,0.0
2561149,Matthew Adams,1,2,3,-1,0.3333333333333333,0.0
2533542,Josh Robinson,1,2,3,-1,0.3333333333333333,0.0
2533459,Nate Stupar,2,1,3,1,0.6666666666666666,0.0
2558858,Joshua Holsey,2,1,3,1,0.6666666666666666,0.0
2553736,Denzel Rice,1,2,3,-1,0.3333333333333333,0.0
2560986,Jason Cabinda,2,1,3,1,0.6666666666666666,0.0
2561383,Ben Niemann,0,3,3,-3,0.0,0.0
2561042,Nick DeLuca,1,1,2,0,0.5,1.0
2550767,C.J. Goodwin,1,1,2,0,0.5,0.0
2559287,Isaiah Irving,1,1,2,0,0.5,0.0
2561278,Tavierre Thomas,1,1,2,0,0.5,0.0
2558923,Riley Bullough,1,1,2,0,0.5,0.0
2555168,Kentrell Brothers,2,0,2,2,1.0,0.0
2508007,Marcus Sherels,2,0,2,2,1.0,0.0
2558165,Tarell Basham,1,1,2,0,0.5,0.0
496961,Dekoda Watson,1,1,2,0,0.5,0.0
2555366,Deiondre' Hall,2,0,2,2,1.0,0.0
2543739,Dontae Johnson,1,1,2,0,0.5,0.0
2560826,Uchenna Nwosu,1,1,2,0,0.5,0.0
2552307,Bryce Hager,2,0,2,2,1.0,0.0
2555294,Shilique Calhoun,1,1,2,0,0.5,0.0
2556550,Josh Hawkins,1,1,2,0,0.5,0.0
2552686,Damien Wilson,1,1,2,0,0.5,0.0
2535693,Johnson Bademosi,1,1,2,0,0.5,0.0
2536032,Emmanuel Lamur,1,1,2,0,0.5,0.0
2560719,Brandon Facyson,2,0,2,2,1.0,0.0
2534567,Korey Toomer,2,0,2,2,1.0,0.0
79901,Vontae Davis,1,1,2,0,0.5,0.0
2540291,Kayvon Webster,1,1,2,0,0.5,0.0
2560816,Skai Moore,0,1,1,-1,0.0,0.0
2534741,Keith Tandy,0,1,1,-1,0.0,-1.0
2558097,Ukeme Eligwe,1,0,1,1,1.0,0.0
2561585,Dallin Leavitt,0,1,1,-1,0.0,0.0
2560976,Keishawn Bierria,0,1,1,-1,0.0,0.0
2552296,Kyle Emanuel,1,0,1,1,1.0,0.0
2560818,Siran Neal,1,0,1,1,1.0,0.0
2553774,Cameron Lynch,0,1,1,-1,0.0,0.0
2541848,Deon Lacey,1,0,1,1,1.0,0.0
2540013,Will Compton,1,0,1,1,1.0,0.0
2561328,Sharif Finch,0,1,1,-1,0.0,0.0
2552730,Brian Peters,0,1,1,-1,0.0,0.0
2553545,Isaiah Johnson,1,0,1,1,1.0,0.0
2553687,Zach Vigil,0,1,1,-1,0.0,0.0
2555178,Maurice Canady,1,0,1,1,1.0,0.0
2552321,Stephone Anthony,1,0,1,1,1.0,0.0
2552684,Mark Nzeocha,1,0,1,1,1.0,0.0
2557853,Ryan Anderson,0,1,1,-1,0.0,0.0
2555545,Will Redmond,1,0,1,1,1.0,0.0
2556542,Nicholas Grigsby,0,1,1,-1,0.0,0.0
2558175,Nate Gerry,1,0,1,1,1.0,0.0
2532974,Kyle Wilber,1,0,1,1,1.0,0.0
2560815,Kam Moore,1,0,1,1,1.0,0.0
2561283,Zeke Turner,1,0,1,1,1.0,0.0
2541431,Kemal Ishmael,0,1,1,-1,0.0,0.0
2555171,Tyler Matakevich,0,1,1,-1,0.0,0.0
2495201,Pernell McPhee,0,1,1,-1,0.0,0.0
